1355
7099
6496
5900
7083
4529
6359
260
3327
1755
4829
1751
4270
7496
462
4377
4337
5094
566
6935
1693
3606
657
6579
4792
3397
2442
2415
1080
416
4824
6031
4425
6518
5039
3560
965
6106
6115
68
2899
7106
1640
1572
2519
6868
2126
4350
3648
3097
1960
7016
3258
4346
6303
1400
1022
3198
1944
5024
110
5709
1835
4199
4737
2981
7562
2476
499
2976
1591
4853
2469
6421
4828
3545
4847
6428
1589
178
2108
2110
6833
772
219
1407
2221
4721
2254
3627
6460
2270
6660
2304
6651
3611
1329
1028
3607
2393
6530
1351
2292
742
2653
3514
2849
5726
3306
5686
506
1193
5617
5614
521
5576
5572
3027
614
5534
535
5527
5519
3255
3244
3240
5468
3142
3148
5434
3153
564
3233
5338
3180
475
6338
2842
5112
2558
4912
6277
2597
2603
4940
6175
2622
6161
2624
2044
396
6028
2722
2737
6009
417
670
3389
5978
2745
5957
3380
5906
5079
5902
5896
2829
1236
5806
3722
1143
4472
18
7555
3944
3967
4034
1817
7267
1564
911
3989
1965
4245
62
7584
7120
4283
3931
1702
4333
3826
4207
3813
7379
7375
1498
921
1821
1566
19
4323
1759
60
7687
7015
7321
1593
1570
53
2
1793
4003
7637
1461
1601
7634
7695
3734
93
1542
4132
1902
4293
7380
935
6004
2734
3387
431
61
5074
5052
2748
2752
5929
4299
5043
2761
6000
3975
6987
671
6151
1745
6166
2614
7317
371
1291
6176
6178
4948
696
6188
2602
1061
369
412
2649
2655
75
673
1276
5021
6063
3970
82
5015
683
684
6104
389
6105
7343
7344
6098
5802
931
3263
7630
5252
5532
4108
909
1179
3025
1186
1189
1619
5623
5628
1556
514
5509
5636
16
5490
3187
5340
1150
7689
5317
5316
593
5421
5427
7651
5446
1158
596
5477
5308
3250
5637
2992
3294
7509
2845
5783
5131
5796
2586
7489
5831
5834
5854
5108
451
3369
5100
5099
5152
5159
2885
5728
5643
1634
7561
5652
2971
5660
2955
5089
5683
5702
2936
1211
5193
2898
2895
1549
3295
6248
900
1307
4690
2165
2341
3664
267
4777
3777
4474
6806
1366
1489
6588
2358
263
6814
2366
1035
4655
6560
283
2138
6544
6538
3696
3887
7051
2401
4429
6571
7143
6627
6251
1401
4491
6721
6723
6687
7095
6683
4480
3795
1919
4718
244
2220
1406
153
4710
6668
7110
6655
2189
253
3833
2309
1958
6635
4761
3610
6759
4475
6510
6838
5368
6318
2516
1796
3718
316
4610
4904
1841
318
4365
4569
2460
4837
1819
7274
2483
4580
4848
6379
3523
3516
2072
4878
6498
7226
6343
3959
2581
6842
2037
3932
1430
799
2571
6470
1348
6898
2562
794
955
3559
1449
6877
7312
2005
4388
4557
4555
889
3196
3290
4705
790
4558
800
1124
5310
3645
3252
1006
1005
4117
3735
4517
4632
5273
3755
3271
4623
3235
3670
4094
5251
5249
5246
4605
3720
4190
4137
3654
5240
4548
1004
3822
3341
4724
3938
954
4330
1082
3558
5031
4815
3933
726
860
861
4322
4320
4812
728
3422
4993
3940
1071
1056
4922
3961
4938
3498
4341
4951
4811
3464
1053
949
3724
4977
4870
3459
4982
4898
3630
3899
3576
4251
3615
3324
4751
4746
4041
5174
882
3620
5210
3299
5221
4070
4494
5222
3334
3338
5124
3366
3595
5067
4790
4297
5081
5088
3604
826
4781
4780
646
5110
644
822
3608
873
5105
853
4590
2809
2505
326
7255
1333
2477
321
1850
2458
2456
1802
7220
2435
6488
299
2414
2400
6526
116
1357
6551
2445
2512
7289
6325
7359
388
6120
6158
367
6181
1724
7065
7326
94
95
6196
2609
2607
7306
2584
2576
7293
6295
6319
2555
6565
280
7211
6595
203
200
6870
1434
192
6909
1435
6917
7094
1930
2066
6950
7089
2040
1457
1946
2017
2012
7021
1982
7050
2148
390
6819
2174
2352
5352
269
2344
1369
1880
2323
6645
7201
6664
7196
7184
7168
6678
6680
6694
7166
2238
1403
2218
2188
1418
6097
1737
1950
1635
5428
1636
6081
488
1215
7526
5741
3136
7508
7612
570
5758
7618
5790
2841
541
1685
3158
1232
5708
1606
5522
1172
1624
3091
5528
5501
1167
3085
2949
3078
7593
5493
5542
552
7570
3002
2989
1202
3071
2834
571
5837
7430
5951
2742
5417
7400
2741
6001
1706
2711
2708
7393
2700
6047
2694
2687
1598
399
2679
1146
7488
1603
5928
1240
1241
1151
4140
5884
1252
2807
2794
450
7480
17
1691
7452
1537
2776
5908
5895
3798
1915
1926
3807
3811
1934
3825
1616
1485
1709
1914
1707
1712
1529
1698
1696
1511
1688
1506
1684
4006
4017
1864
1670
1486
4036
1662
1895
3929
3900
1554
916
4084
3881
3862
1898
1905
3861
1912
1865
1646
3182
3784
3349
3361
1234
2816
2808
3374
2789
2778
3376
2770
1087
3386
1264
2703
3410
2660
2659
3441
3457
1229
3476
3332
2857
3164
3201
1138
3211
3163
3118
3112
3253
3268
3289
3064
3021
2951
2927
3300
2907
3311
1104
2878
1225
3479
1298
1299
3638
2194
3641
2180
2171
2164
3685
3692
2131
3719
2100
2078
2070
1443
1450
2045
996
2027
1966
2259
2267
2297
1024
3482
2587
3509
2528
1322
2508
2484
3542
2464
1473
2449
2369
2353
3605
1030
2340
2314
2311
2306
2303
3568
2348
7699
4160
5714
5717
5732
5744
477
5763
5830
5843
5848
5881
5888
5898
438
5932
5703
5943
5972
6023
407
6036
6040
6050
6064
6089
6123
6202
360
355
6274
6284
5963
6290
5694
5650
4916
4944
4978
4991
4992
669
5038
5102
5125
5129
5130
5281
5286
5293
5684
5370
5445
5458
5472
5496
5506
5511
5523
5531
5538
5564
5631
5632
511
5641
5405
4830
6306
6373
7077
7079
147
7091
133
7153
7165
7208
7210
118
7256
7284
100
7323
7076
7332
7349
7441
7445
7524
38
35
7563
7573
7581
14
7653
7667
7671
7678
7334
6351
156
7001
6393
6406
6416
314
6455
6478
6507
6531
6603
6622
6624
6630
6643
6669
7030
6684
6718
6730
227
6734
6756
6766
6800
6827
6834
6885
6892
6919
6934
6944
6693
730
1586
4654
4348
4457
4458
4756
4503
4511
4522
4738
4729
4722
857
4314
4542
4543
4198
4393
4702
4209
878
4233
4603
4617
4419
4769
4775
782
4338
4786
4444
4452
4789
4007
7151
3738
4265
2332
7155
2324
1235
6449
3905
7125
3739
837
3937
6435
2069
1918
5905
3772
5913
6424
266
2765
7101
2067
875
4526
4547
447
4380
2839
5659
2964
6931
7251
1825
2953
3708
2431
2944
6467
1836
6632
2925
7229
6626
2312
7216
3982
484
2889
4556
2884
2863
2121
4550
6764
3731
5773
470
5791
998
4005
150
5994
2621
6172
1352
364
3829
4478
6216
7012
7010
3858
3979
6265
2582
6549
1311
824
4459
328
2498
6321
2083
6328
6521
2033
6979
329
6965
175
2511
2002
1938
6160
6131
421
6615
6409
6011
4302
2478
2730
2113
2064
7070
3703
1272
6035
2062
1275
979
2695
940
4396
159
6066
274
2667
7041
1467
6102
6112
4479
6127
939
1271
3586
4636
2237
754
4197
3363
7532
5064
1097
4352
4090
3958
5036
4766
5025
5019
7560
947
5132
5147
3286
4218
5247
5239
7493
234
5138
2243
1681
5170
6820
5167
46
632
5197
3398
1557
3407
4892
1052
4865
2216
4863
6795
4908
3529
4819
222
6753
4168
4340
3581
4835
6752
702
4113
5000
4182
4994
1560
7592
1405
4958
693
1563
6743
740
7632
3500
1605
3504
6704
2266
7474
3266
4662
3676
4677
3667
1518
4683
3104
548
6676
3113
1385
5480
3126
4354
4078
532
3145
3065
1782
6646
7269
3007
1191
7272
5606
1188
5591
5585
6659
4361
3030
1514
1786
1516
5557
767
5449
1523
1155
2130
3202
3203
3945
7378
5336
1390
3242
7398
5305
3248
5275
4077
5307
584
1727
4417
5423
1731
4707
4071
4704
3176
569
3195
5414
5415
5420
2102
6857
2143
2158
2124
2162
6835
6916
6896
6928
2088
4260
6956
7318
7341
4072
7371
7381
7408
7426
7461
7464
7497
7507
1678
7519
7314
1655
4191
4188
7567
4177
1614
7602
7604
7635
4173
1599
4121
4172
7691
7538
1760
7313
4068
6957
2058
6963
6981
4288
2023
7007
3990
1996
1992
1980
7069
3997
3999
4279
4274
7102
7108
7141
1906
7164
4032
1897
7209
1863
7234
7244
7264
4047
6938
6772
6262
3965
3656
3117
4691
3137
5433
5392
5372
3092
5363
5321
3204
5313
5312
5311
3243
5301
5330
5287
3057
3036
5718
5716
2908
4602
5711
2931
5675
4656
5669
2993
4641
3010
5579
3026
5567
3035
5647
5272
5270
5269
3433
4774
4985
4949
4945
3491
4929
3432
3503
4784
3518
3524
4818
4805
3571
4796
3508
3411
3400
5006
3285
3288
5223
5219
5216
5178
3314
5160
4742
3347
4752
5113
5086
5042
4763
3383
5037
5725
6770
5743
5747
6532
6520
6511
6468
6461
6442
4424
2386
2466
3898
2479
6388
2503
2504
3895
3889
6408
6349
2373
6567
2199
6749
6709
6706
2240
6696
2269
6553
2275
2298
4374
2313
6610
6609
2351
6583
2287
6347
6335
2530
5973
3790
4533
2766
3762
5887
2811
2744
5879
5865
4149
5844
2831
4544
5805
5799
2824
2743
6006
6016
6268
4791
6247
6245
6240
6184
6163
2632
2635
4502
2665
2671
2680
2690
4507
4519
6021
4553
2826
0
934
1148
248
1152
1526
173
1416
103
1160
1327
63
502
258
962
1262
652
1432
973
8
749
1551
856
71
789
340
1510
497
531
58
1402
1312
796
410
1505
804
322
162
912
57
351
721
836
1398
668
906
96
573
1336
231
1446
1210
823
781
376
6
199
386
1576
1363
1031
645
1147
7217
5347
2893
7060
5563
1413
2633
6422
5356
871
623
5191
4859
5066
4860
1890
6782
1283
1885
557
6712
2801
2652
7068
5069
2173
6767
806
501
2030
208
4273
872
833
1843
2882
1452
2828
1133
7205
4844
7459
1233
3860
5418
4697
4981
7034
4101
6699
883
4100
3261
3230
2191
3229
1304
3977
7285
6485
5471
2617
5558
7046
4204
7045
6605
991
6473
120
7460
2065
6613
122
1828
7181
1282
6815
2777
2773
344
113
755
2999
5090
134
4652
6599
1968
830
1471
5354
6523
1256
7531
5649
1970
766
1983
5611
2795
5639
5608
7159
5923
4906
6221
378
40
2010
2969
114
272
5188
6399
5604
1987
894
4902
5654
1257
2115
1424
1922
313
4257
4153
4744
1487
2906
3842
1909
1907
2150
4708
2799
3111
1163
5580
148
5103
2715
3080
2718
2746
3031
2923
5803
2018
3043
699
579
3051
4882
2731
4159
765
2727
6516
2132
6634
7454
291
6012
3796
3962
4096
5723
3757
7646
5745
3419
1372
6568
2486
2284
585
685
5337
4097
2475
4387
2335
4375
7407
7435
1041
4061
5701
358
6847
4002
5277
2293
6955
7642
1325
4587
4359
6259
6436
3408
3565
1367
3769
5149
5876
4028
5478
76
786
7369
780
5003
1377
4025
3906
785
6243
4023
1650
5733
7662
3629
3478
611
5257
6079
194
6448
7413
1555
243
2327
4728
5742
5008
4601
5859
1673
7366
3468
2517
2268
4614
608
6057
3313
3993
4827
6380
5967
7401
3321
308
3328
446
7003
2546
4630
1757
3749
5890
1587
4570
6741
5545
4303
5825
2367
3278
2219
5892
1512
6863
7027
7026
6462
3601
678
6755
6577
2370
7305
2575
5394
6187
1752
4681
6986
3575
1525
1735
1734
6141
3876
7440
2378
6665
5412
2349
1088
3381
3578
3752
850
5697
3579
7327
3580
5473
4823
627
3651
1317
2429
2379
7383
7221
4674
2079
7416
7409
2382
429
5980
6517
2345
2383
5724
6514
3818
115
2322
5017
1239
2397
6705
2399
5258
5332
2060
4246
6522
2256
4395
1290
2523
6170
7330
4276
1287
6536
2163
2668
4267
6799
5672
5457
2507
4422
5314
5045
2595
4296
2569
7450
2566
2529
2231
3788
3787
5941
868
5679
2247
7316
2506
876
2154
855
7241
2461
78
6525
3782
5661
7239
2448
4344
7419
6777
4238
1253
2453
2732
1427
7243
2153
1280
5058
81
2693
7486
6589
4326
2144
5667
2492
960
6593
64
2728
1375
5256
135
270
28
4861
7585
6912
6394
4030
778
758
1876
1857
6062
1136
4109
6148
6920
161
4727
1833
1854
4846
3976
3490
5500
7097
6362
547
6910
3502
4873
4523
1878
3127
6974
5107
5570
6153
1883
562
5853
3914
1653
5510
6044
7037
7629
4082
7008
6999
1077
1756
4753
6953
201
4075
4821
5533
1744
6663
6988
3357
1017
1723
179
7011
1775
4633
5551
3633
3241
6745
3259
3658
3882
727
5389
1794
3283
1534
3864
5391
6337
7020
250
5235
533
4148
1169
4866
4018
7677
706
5609
1999
4903
4901
2972
598
3968
2985
3834
619
420
7672
1969
1621
4794
1964
2920
3699
2853
2855
630
3964
3587
1454
3583
3903
6142
4471
1604
5413
6400
3828
6867
888
6054
1626
4176
1477
616
7137
1943
37
1478
1048
3061
3063
3533
6690
4706
3076
5300
3083
5467
3088
811
7566
3067
5409
5526
7131
6886
5366
7130
1954
4364
6059
4024
989
1054
3465
6952
933
6051
195
3617
5520
6878
2376
5485
5334
6860
3392
6046
6037
2421
187
5492
3987
4043
180
5401
6871
3636
354
6942
3424
7368
402
2489
3512
6921
5448
1042
3418
4004
2409
3416
6045
3458
4675
6949
6911
7392
2457
2589
862
4887
3015
7138
4241
1187
7237
5977
3032
5369
3042
3046
4161
2725
7115
2724
3090
4152
556
4771
4147
3106
2762
5582
7139
560
3711
7206
884
3709
4206
1222
2819
2879
6821
2894
2805
2803
887
4913
2932
7173
1207
6401
5998
2979
5999
4889
2676
6640
5378
3262
4685
3275
3277
5687
5968
5390
7022
4310
6110
3309
864
2547
1100
5422
914
4321
6995
3356
1093
6845
3245
5622
6580
6654
1156
4268
3152
1154
6395
1011
2647
7061
5384
7056
7331
4280
1140
5681
4105
3219
7044
6165
98
411
5232
867
6322
2364
2594
4538
1859
7483
7656
7481
1689
5815
1851
3910
2038
2272
4649
4432
2166
7515
2167
802
2274
1680
5140
3850
4464
6738
4648
2136
967
1661
5028
7427
5764
4527
7578
1877
290
2141
1444
6209
478
7438
3803
1395
4397
1754
7617
3792
1800
2217
4575
1769
7625
4563
3797
5259
2050
2205
1779
5940
1978
2052
1470
6231
458
228
1718
1955
327
3911
1507
1527
2244
59
6235
7471
5283
1453
4470
7633
5430
984
5752
6790
5856
1781
1618
4371
6417
7521
6185
5148
1365
2350
3841
5
363
775
3846
3918
2098
1630
6489
217
7684
5926
5437
1493
1491
1643
1929
2361
1893
661
2084
7421
956
5736
50
3894
5731
1638
1494
1939
1585
1255
7608
591
3662
7613
2798
2646
3094
3237
2911
5292
6026
2637
4103
1509
6776
4947
880
7281
6771
6497
3291
2784
3867
5049
896
5871
294
2054
7107
3004
6499
276
1804
1806
1118
6375
750
5808
2625
6736
3086
6087
1933
5224
5215
5097
6019
958
6310
6232
2691
5657
4462
700
1226
7588
5976
1948
1429
4782
205
6647
3039
6108
6132
7090
6515
5662
5229
5633
692
6101
3675
1495
5575
6487
6529
4139
1947
1488
2688
4745
5820
4272
7100
7275
102
7273
44
2760
6275
5462
2112
5762
5818
3210
1901
1420
5068
659
5073
473
440
1501
4118
4266
3732
5656
3058
898
7123
7261
6650
7539
6728
4035
1658
454
4606
7666
7365
7423
2305
240
554
1550
7172
6685
2937
1378
2436
4482
4016
268
4336
4920
5850
6926
1455
7658
2285
2945
682
4976
6447
6564
4599
840
628
6915
6914
3485
3486
2467
4997
2474
2281
5735
2318
7529
1356
1040
453
2025
1571
845
2342
6441
5992
5157
4373
5789
7693
7694
1033
1032
4001
3697
6854
3562
3695
191
773
4349
5481
6796
1632
6691
2428
1629
6882
2928
5327
1558
5023
5200
2403
1044
4749
5704
5587
1070
919
6085
538
771
1729
2974
5398
406
6344
6972
7188
7324
1086
6967
1721
6219
320
3875
6989
2861
2201
4653
7013
4980
4214
7624
5832
7297
2984
5098
5288
3333
6998
6992
4406
4309
4488
6620
5034
476
2957
2527
1536
6939
7648
599
2273
236
457
2501
5084
1319
1704
7654
7434
4723
2262
3440
3751
4593
1717
6308
1198
618
4187
7162
4915
7117
4171
1975
5590
7536
469
4657
379
1986
4165
3053
4885
1183
581
3028
6003
7174
129
3050
7557
7553
5915
1476
3045
3691
819
1959
2963
6222
2001
6501
4883
5185
5466
7147
1128
6309
3635
6940
1694
4054
4814
1531
5133
6360
404
6964
4754
6977
3360
13
1741
537
1742
534
3872
913
5393
4081
167
4085
1107
6041
6754
1692
544
7696
3603
3594
6055
3590
3996
6866
1607
3988
5863
6182
5861
6881
3548
6058
1552
6905
7668
5875
3497
3492
1664
6744
3463
6925
325
3840
1108
626
5904
713
3674
7078
1888
5265
4138
3132
1162
5374
6637
1900
3114
3679
414
6826
1903
1904
6211
5101
3684
3087
7105
7564
6157
255
910
3672
6648
4832
3865
5891
7028
4562
1799
409
5546
5893
3257
3661
4719
3249
7616
555
7043
4549
1842
3205
1847
1137
4112
3854
4856
4122
3174
2910
694
870
4931
5030
5673
2610
4292
1431
3758
5722
2615
4242
2283
123
3800
348
4449
1230
4284
753
4219
5046
4698
5755
7263
7193
681
2204
3770
5346
957
7290
3950
2053
6524
2673
2398
2122
2192
3728
2641
2080
72
7278
4230
6600
6366
2791
5674
481
7414
2644
510
2785
5209
5707
7432
999
2101
6768
7527
2626
5071
4935
5921
2190
874
4282
679
6271
2631
6363
6253
4946
1441
6384
5057
7351
5451
7356
4439
7402
1217
5690
2355
2265
3949
6146
4213
2699
7310
7336
7487
2717
2716
1316
1269
6296
2714
5322
4383
5615
5738
7396
5201
89
2540
5429
2258
4669
6798
976
6289
5933
951
4306
4264
7190
1383
6168
2263
482
5737
2535
5324
6244
5443
7428
3701
2892
2871
5688
7391
1340
5442
108
5945
3225
3802
5821
4956
6537
5348
5903
7698
6361
691
4957
6837
289
7055
218
3484
2674
2689
4640
6710
3186
5189
2169
5851
5180
3181
7352
6762
1284
5351
1020
3178
5877
1839
444
6252
3177
3150
2645
6200
1748
4051
7338
4825
1393
6569
6844
7631
3430
3329
1762
6784
4720
7005
3981
5325
246
5475
3984
6038
1720
2531
687
449
583
3401
7641
4057
3646
3786
11
667
5453
2235
1533
3409
169
7607
1765
4083
4806
7347
7350
6027
3251
1412
3247
4560
7470
6585
4689
1414
4389
7036
1132
1823
4597
5250
3272
7465
5476
5289
7295
2209
2278
165
3868
3446
3884
334
5121
6088
6657
3863
6582
305
6350
4325
7064
3879
6483
6629
2057
375
7518
5596
7129
528
4501
5014
4500
471
2402
1353
6217
7675
2061
3919
6513
6794
7670
928
3052
130
2034
597
5495
974
5211
6152
6215
3549
3038
6117
4189
4919
2413
7512
5151
2036
6614
1224
2982
6692
2000
3614
311
1199
2865
4208
1993
7157
5953
6618
7517
7389
7406
2363
708
343
2880
816
5795
262
5919
654
2337
5187
1206
4625
1195
7148
2394
1979
237
5365
3540
2814
5482
5001
4869
2125
4950
1896
3120
2739
5228
4370
273
5262
2117
3687
2918
3517
1050
2902
7367
7084
704
2705
370
4130
5406
6390
6418
903
1881
950
3643
4249
7248
6223
6147
1059
851
5974
6617
2432
926
4627
5007
5774
7227
812
4012
5776
764
7109
2321
6891
743
5588
6167
5778
1
2771
3521
2872
6490
2901
6733
112
1049
899
4368
2924
2921
5772
821
4735
6960
5280
7640
2518
5699
5135
3598
5840
6951
4367
3753
2250
357
1029
1699
7333
7335
6119
1034
2407
1038
2325
3544
927
1023
3470
4799
4732
784
5404
3780
1671
5719
188
1637
3765
576
5505
77
3764
961
1644
2294
6412
5713
491
731
846
6140
3462
5872
6558
1326
6383
2499
1388
4042
185
4327
2395
3783
1540
985
3445
1562
198
319
6927
686
1623
3455
929
5279
1068
6922
2408
4673
7178
1294
2248
4451
5648
7504
142
6732
4236
140
3081
6228
7500
3072
6769
300
7219
4939
3055
7215
6005
4228
6213
3068
5986
5254
6832
2706
3157
3156
4252
5664
3149
1884
2713
3391
7499
7246
5574
1894
1266
6638
6229
1263
3927
2750
2751
6528
7257
2823
3034
3923
5991
2956
1204
776
7160
6377
1463
6299
2962
5464
5361
2890
4194
975
4743
4195
2915
2914
3700
1208
5357
2869
1994
580
4468
2836
6731
2837
4220
4495
7544
3008
2043
7142
2995
6304
5785
2048
4211
2978
3690
298
768
6505
1423
3141
3852
5395
2234
4087
3303
2598
6077
918
6356
4091
6145
779
3737
5530
7315
1749
1016
1301
1778
1305
171
2226
6264
1522
3873
2572
1521
287
6067
2574
6542
6785
1764
7009
664
3741
2214
2559
1803
6584
2616
1295
163
5695
3748
1728
539
7638
405
87
7603
4767
4545
7053
5671
904
1856
5524
4858
7059
3209
2177
6758
5236
3238
5547
4099
4839
5118
4966
5822
6841
1808
1812
2178
5549
1121
5291
6740
209
5245
6369
936
964
6357
3744
6697
3707
3688
6737
4772
4788
959
3855
4758
1013
3857
6851
6069
980
6371
6700
977
3972
3767
3657
3980
738
946
3960
757
968
953
3618
3715
3870
3713
3963
6747
3637
3775
3901
3597
4369
7403
7404
2331
4378
4382
5946
4390
2271
373
1396
7448
5952
4410
7456
4416
317
7478
4426
2170
592
54
6535
7484
52
4436
1408
2128
7395
2420
6164
2662
869
2608
6266
1308
2570
7311
5692
5693
2552
2544
5010
6572
2526
5698
5700
6256
6056
2493
7353
1342
1343
2439
7370
5004
5205
2127
7498
2104
7621
6464
4568
5829
791
7623
7628
6458
640
5883
1725
1722
1811
7650
5845
5880
1674
1665
7663
1548
6180
5874
1627
7673
6183
1577
5136
1816
4551
642
434
47
5925
2092
315
6227
2063
5786
5077
2004
2003
4484
1988
1984
4492
7548
1936
34
32
1925
5807
1882
6481
1867
1860
25
803
2672
2681
2497
4120
7063
3166
5569
4864
151
1164
146
3428
729
144
3169
3107
3096
7104
6042
4876
1175
6936
4804
6096
5502
3496
4875
1062
7062
7260
324
6666
3385
6667
722
1103
1105
1111
3396
4833
4052
7024
1079
1120
1122
5518
4841
3246
3228
3217
4106
6947
3281
2977
419
2973
5616
5618
6888
732
5624
4734
5213
4221
4224
7202
2817
7213
3569
7214
2804
6285
2792
2783
347
733
5666
3992
1273
2877
4797
5494
4066
5613
190
7177
6298
4192
2905
2896
4021
6900
5362
5408
2891
2888
892
4917
4586
603
4615
4624
5268
6476
4631
3908
6133
6677
5399
6472
6450
6389
6688
792
5290
4056
309
6475
4574
6407
4520
264
265
6703
3939
565
5328
4358
4357
4353
6616
5319
4202
4329
6611
5359
859
6574
4693
6581
6598
4253
5350
6414
4401
5318
589
4518
4073
4513
761
5302
5263
6500
4098
4476
6512
3925
4455
4717
4715
6726
3928
6386
5373
4665
4412
6122
4747
4158
4530
3103
6437
356
3489
468
675
2029
3006
6224
3471
2441
3208
3494
3456
3449
1447
1134
5070
5514
7513
3431
6242
1440
6225
7534
5969
2011
1389
6269
7376
3543
1963
3537
4900
1972
5497
1047
6903
1977
2980
1985
6904
3134
2319
3510
2996
3505
5005
6941
1940
5594
523
2172
2175
1328
474
3315
720
7469
5044
3305
7004
495
1332
2229
5540
3098
1126
3270
2249
2257
6010
6255
139
2168
1417
3047
3048
181
432
7501
3056
2561
725
2551
2120
2133
5696
4817
1091
88
724
723
2155
3350
2156
2161
5691
2611
3566
7397
695
747
3804
3801
456
982
2719
5842
6791
1543
7067
4923
6017
2390
1520
5177
3760
2876
746
3747
6279
2856
5248
6194
1247
3892
2793
1595
5011
2410
6074
5873
3874
5155
698
7679
508
5855
2767
2392
3836
2851
507
1675
2755
2360
445
3742
1517
341
4970
101
3655
1142
4785
7576
7286
7572
7571
1899
1484
1360
6856
3593
3592
651
1921
1037
1141
1039
4965
2881
73
6273
6810
1788
5460
3170
1798
1805
1000
1810
3716
5565
5823
6818
7080
3702
1818
6742
1281
1504
2897
2903
3175
1387
854
74
852
5961
225
2473
5640
1251
2764
879
6592
4258
4955
1278
2663
7279
4275
4967
5680
7287
7288
4289
4290
2600
2596
384
4687
4979
5685
277
7298
6578
7302
2548
2539
5710
2593
2139
2381
4552
1834
7594
303
1861
7591
7590
1870
4536
4535
7580
439
6130
6210
1917
1924
1481
5909
7558
6469
1956
7620
1766
4626
1590
4621
1573
7681
4613
4607
6193
5143
6446
1676
5172
5137
1532
5134
1736
1740
4581
1753
4571
6116
5183
5911
4434
5261
372
5041
2227
4405
4403
665
383
285
1386
5027
1382
4381
4379
66
5022
5730
2380
2140
4497
2815
5769
7541
6427
1997
2008
2009
7535
4473
7520
5309
2056
4465
2073
595
5922
295
829
7505
2109
4448
4440
4695
2683
995
154
7074
4131
4127
3189
3612
5386
3588
5387
3199
1139
6326
4716
3212
3572
5474
3254
3640
3660
6809
994
3725
3957
3723
4779
4151
4150
141
3102
7096
206
612
3677
3673
902
4169
5233
6887
6034
1095
3461
6978
6975
4040
183
3382
5400
6673
1084
6670
3421
3404
6946
3474
4836
925
6340
6890
4014
4801
5541
3293
3297
4089
7019
3513
3506
546
6918
3475
3326
1102
516
398
3686
3844
2967
6292
1223
2961
4185
2954
2950
127
987
4909
891
6793
1209
3835
2930
703
5444
6159
6727
6305
4765
1214
5441
3845
3847
1218
751
4927
4933
3909
5619
2970
6608
7200
131
2968
3878
3832
4600
5794
1547
1660
3831
3891
549
3554
5171
4049
3
3893
3821
2086
1962
5910
1957
5440
6943
606
3469
3519
1611
1633
971
6445
783
2028
42
6154
5788
3563
5303
3495
3499
1060
3501
6765
245
435
3837
6073
1466
655
7686
3740
6783
5093
3971
6385
1848
559
442
1502
5116
5117
6823
1008
1832
7605
7609
638
1007
5463
6816
6717
459
6206
1791
1789
558
5120
1783
3759
7626
1772
3710
5111
1438
4644
3567
1682
1479
932
600
3573
5489
7645
4512
6788
3789
3589
6495
6494
1482
810
1025
5182
30
636
6850
3631
12
3776
6843
4645
1014
647
1872
4650
2091
2825
5517
3060
2549
3059
137
2563
4884
97
1184
3022
4305
3019
5343
3000
4894
689
7118
387
3070
86
487
4342
1165
5202
4998
1337
6566
7345
5204
2490
1170
3089
1324
7337
2532
6111
2430
4971
4688
2864
6282
4248
7247
7245
111
2858
6596
2854
505
2847
5987
424
7224
5355
6278
2612
5353
2873
1293
5676
2640
2922
6272
7277
2919
1286
1285
2670
7182
5670
7259
4261
1277
2707
527
2454
5750
7014
2195
2200
6420
4086
2223
7451
5040
6419
3284
6561
3269
7443
2255
7437
168
6155
55
7006
4058
49
3393
6423
6527
5934
5766
3378
7491
3358
4820
6126
4430
6997
7477
6234
1391
5536
6241
2418
1159
2412
7388
2387
1358
3173
844
2377
2372
5385
1362
4372
5230
905
284
5231
715
2329
6329
4386
1130
4638
6392
5153
4787
4696
5062
752
711
4867
6404
4793
6316
4783
4928
6156
4810
637
4968
710
6169
312
5083
4910
4802
6432
5047
352
6173
6237
672
345
4699
666
4895
337
342
4712
3370
4612
2859
7185
2883
2887
2912
2917
7176
2934
1201
2966
2975
1197
7146
3003
7133
5988
1228
5627
1237
1292
2639
2657
2664
7270
7262
2696
136
2702
2740
1260
1254
2774
5979
2802
1243
1270
3044
3073
138
5539
6029
3316
3336
3340
5535
3355
164
6983
543
3415
3423
1072
3466
6907
3536
6186
2606
3279
7031
3115
525
6013
413
7073
1153
3167
3267
5566
3194
7052
3207
3221
1129
7033
3264
3190
99
2590
2588
5907
465
7547
7546
1989
39
1465
437
2013
1459
2059
1448
1445
1442
2074
7511
2022
1439
1908
1845
1581
7688
7685
7682
1613
1561
1672
29
1677
7652
5841
1746
5828
7610
24
1837
1544
197
2085
2123
2359
2368
2375
7382
1350
5958
2434
2354
2444
492
2472
5706
5966
83
7340
2534
7358
2087
1368
5949
7482
2157
7479
5936
2196
5754
1409
2336
2222
1399
2261
7436
5746
65
2308
1376
5751
6869
132
6713
4415
6539
835
230
5432
4446
6075
3890
6129
4385
4485
3859
817
3856
4499
814
216
4505
3816
3809
6757
6702
6701
4363
4170
4181
4216
271
6653
907
6107
4232
6662
4065
4059
6095
4301
5403
4311
5341
4317
4334
4343
395
3985
5299
5294
4146
1001
6792
1003
304
3785
4611
401
997
4564
3694
1015
6849
3682
6479
866
1370
4285
2339
1553
4277
5018
2333
1649
5266
7429
2282
4263
1656
863
2251
2246
430
2241
307
5335
2225
6562
663
5146
7664
1622
7453
4203
886
5964
2470
4701
1334
427
7690
2487
5965
4178
6633
2522
7325
7346
4250
4
2437
4247
2374
6135
6453
881
5166
5959
4227
6139
2424
2425
7373
788
4604
2417
847
2197
7458
1991
1990
1524
1976
5184
7543
5304
4539
5175
5836
7549
1750
1945
7559
1763
6203
1784
4504
7569
7622
5106
1887
1787
1874
1500
26
301
7597
5115
296
4477
1719
1530
1679
662
5937
4366
2179
843
9
6556
601
2151
5935
7502
2095
2090
7455
4398
4414
10
4421
4427
5920
2565
7643
2046
2039
5916
292
4456
1998
5082
4413
1026
5162
7294
3140
3151
6750
3871
3184
3185
5562
224
6320
714
339
5559
3227
1131
6149
6331
5561
1125
3131
3125
7144
232
3005
1190
3012
578
7126
3888
3054
5225
3904
3075
524
5584
145
7088
4881
944
3812
717
6924
3454
1069
6839
1065
3493
3520
186
5499
6353
6889
5241
6848
5487
3600
3609
3644
6781
6930
6345
6334
3292
5452
3745
7017
5459
400
3671
3317
3339
3343
3344
6364
3365
5465
1089
6368
5601
5598
119
5665
5625
1300
4033
4930
2629
5626
5677
6396
2636
2838
5376
923
7194
2648
2661
4125
4960
5984
5981
4053
4114
697
7231
2701
2735
251
2733
6681
4019
2709
7187
2988
2592
1200
3974
1303
5605
522
7167
3628
7171
2860
4736
4145
5610
2913
5375
4011
4973
4733
4914
1220
1221
7180
3991
5411
550
6179
5381
5971
5970
6103
393
5878
5206
5864
5860
5271
5956
5326
620
590
5220
5599
572
5759
5939
5993
5571
466
6094
5804
368
463
5560
5438
5439
5948
5813
5345
5416
6177
515
5635
5297
5645
577
5181
5682
3849
5156
4332
7235
2758
865
4298
7228
2786
7223
7222
6590
2797
7218
2753
6604
4186
4183
124
261
2875
1212
6639
256
2938
2942
4134
4129
2835
7158
1259
2736
4573
2465
795
2480
7339
807
4528
4510
4506
2545
6508
2577
1265
2578
4431
4428
2585
2638
2651
4400
4399
838
1036
4392
2697
7250
4460
2983
6649
4119
3885
3280
214
6774
1113
3302
3337
3345
1096
3348
3375
3388
3273
3746
3444
3472
1064
6913
3487
6908
196
3639
3577
3582
6853
6865
993
1119
229
3232
4116
4115
4107
4095
4092
917
7128
3049
1168
4045
4038
6682
4029
3121
3129
7086
930
3998
3146
3172
1144
3192
6714
3222
6716
3941
3231
7361
2447
286
1464
1846
6276
4942
1868
7568
4932
1913
1920
7551
4911
7545
4893
4584
2020
4877
6311
43
338
2055
2068
2093
2094
1436
2129
1425
4778
1419
4984
4770
7601
676
1600
1610
6191
5142
362
1631
1641
6197
6199
1642
6205
1645
643
649
1657
1663
6218
1666
1667
1546
5056
5055
6236
1697
1705
1710
1714
1515
6372
3621
4680
7386
6444
4686
2288
7399
2419
6415
1397
2206
2290
4664
4661
4596
4594
4725
2347
6452
2183
2302
7462
7418
4589
7390
2326
2320
1106
483
3214
3276
3296
6018
1774
3256
3223
1743
7307
7296
7303
2514
2315
5543
2356
2782
1321
5962
5867
5488
2452
2443
5862
6872
6883
6899
6902
1055
1625
7665
1338
2488
3443
3435
2494
182
5515
3429
631
3394
7292
6973
6990
545
3193
1813
1513
1203
2280
504
7514
2051
2916
2900
1219
5653
2874
125
2082
5989
2099
7199
517
5651
2812
5985
2105
2757
7472
1248
1421
5638
7232
5646
2958
1792
7542
467
1809
3162
7072
7475
2634
3138
5739
1161
2650
6015
1849
7424
2299
3110
1496
105
3041
5593
7265
5597
3014
422
2677
7152
1951
1474
2684
5668
5715
3417
4407
762
4726
4144
5377
6374
5379
4133
4795
4803
5396
5237
6341
4064
4481
4164
4845
6675
4031
4868
4010
4008
4880
4000
3969
4899
943
6300
6707
6715
6082
4851
4926
4167
890
6506
4469
288
4420
4490
4509
4578
6557
4582
6136
4608
385
281
4335
6398
586
4622
4315
607
6144
4642
4281
6430
6429
4262
4239
4659
4223
4212
4193
858
5214
6509
988
5020
3650
658
3808
3810
3763
5196
3771
3712
3743
653
3768
3848
3663
1012
4937
6825
3622
3896
3930
3623
639
5035
6824
3774
4629
6212
1647
4637
1361
4936
5267
1669
5849
5264
5063
2301
4651
1545
7659
4666
6402
5192
1373
5076
2404
5274
5165
91
2550
5154
7683
90
1565
4531
2495
5295
2491
79
4541
4559
2462
2459
6190
6456
5141
6134
4583
2446
5173
7385
641
6439
6207
2388
5048
7447
2279
1451
1801
353
2049
6317
7615
7525
41
1829
7528
23
2007
4886
1468
1844
6263
5912
1961
690
621
5801
7595
4905
1866
1931
33
1910
4840
2081
7619
6332
7444
2242
6397
2236
1875
7449
5753
1528
2212
7636
2203
1747
2185
7644
1519
1777
613
5244
734
7490
7492
5016
4800
2119
2103
5012
2097
6250
1770
5782
6855
7111
3239
563
397
3954
3191
529
7066
7075
5410
3135
4026
7087
3123
4027
3109
3101
3084
297
7114
6672
3040
4067
1185
4076
6661
7140
3001
7150
6656
1123
5548
3915
3274
6859
6852
3632
1019
3555
6840
6897
403
3698
3705
6929
3726
3727
3729
5383
6812
6948
6959
3750
6797
6970
6982
3362
6070
3346
3779
981
6780
1115
3839
6801
128
5870
2810
4231
4255
275
282
6109
5323
4347
7240
2627
2747
6606
7225
2779
4295
5344
3619
5655
6576
6546
2763
6644
6548
6541
278
6573
2620
6636
7300
2904
257
1279
4162
7299
6554
2619
6623
2846
2704
518
6552
4355
2729
2843
7198
2821
4180
6465
5886
177
6238
6387
7283
6803
6862
7291
7676
6192
7328
6874
7329
6895
6836
6822
359
6049
6484
20
6482
7655
6937
6065
174
7236
6966
6587
7422
7212
6008
7197
45
336
7124
7127
6352
7495
7192
391
249
6100
6695
7417
6698
6307
6980
6559
7253
374
7374
6254
6720
6555
6719
6025
7565
6288
6078
7047
7054
235
6286
92
1579
3823
5360
5358
4143
4163
2289
5315
3437
1384
594
2357
4205
4141
5253
4226
2411
4235
2416
2440
3372
1341
1339
5163
2468
848
3016
5114
3507
2181
519
520
3616
3599
5581
1935
1941
3553
5550
4069
5521
1411
2024
5508
5503
5479
2071
3538
3535
5424
2152
2159
568
5419
2026
3331
2515
842
3144
3130
3128
4807
801
1238
739
2830
4561
1171
2850
1261
4566
2868
3079
2886
4740
1174
2933
3077
4588
4616
4670
2994
2866
1267
4849
3154
2520
5092
2525
656
2541
5061
5059
4404
4408
1112
2556
5009
2568
4986
2599
4969
3206
4961
4934
1289
2658
4483
1145
4871
4508
3626
938
3017
5748
3853
1575
5658
1700
472
1617
1659
3843
1713
1716
1758
1776
5775
952
3978
3956
3948
5721
1827
1708
5869
1711
1541
5712
1726
1648
970
3730
2721
2720
3649
3824
5243
3399
3704
7384
6602
377
3934
3714
3403
712
5944
3405
798
5824
5349
4154
5339
4540
7442
3124
2780
5894
1780
3936
7425
7233
6336
2317
4184
4516
2330
2338
1085
3754
6968
4286
2678
2537
7322
4402
1535
7660
6547
7320
1687
4972
6545
1306
2583
5032
6261
4447
4433
677
1116
7029
3260
3220
464
1651
1297
5091
6594
4254
3373
5186
7268
1092
5767
7669
104
4918
5199
5145
3351
3197
4925
6996
6287
6201
7282
2628
1323
4953
1288
6786
6923
2232
6022
920
6413
7116
310
1472
915
4700
4579
2943
2019
233
2021
5689
7170
4714
1503
1046
5847
7175
2032
4730
5484
6674
7516
7156
4044
6846
1021
3013
3625
512
4635
7583
7582
7135
4647
3602
6426
6002
6686
6438
1492
5586
3561
6679
4620
4668
1584
1923
1180
3539
1458
3532
4757
448
2852
3799
2926
2848
1822
1567
3095
5435
2160
6829
7473
793
2832
3105
2207
6641
2230
5955
1415
1826
7308
4110
6763
7506
2116
2075
5705
1194
215
2564
4577
774
2990
6342
160
7179
3766
983
107
3020
6267
2840
3116
2579
5797
2806
4888
7258
4987
6312
1578
1166
1244
3224
4809
3159
4463
4741
4595
330
769
6802
820
7674
4467
4694
7057
7204
6297
2666
763
4755
3736
6301
4684
7119
4768
4891
4842
2987
1296
4466
3897
1178
3179
1594
4896
2726
4943
2630
6330
4872
3325
7394
2264
1807
6048
1785
5504
7600
2015
4074
2006
3668
408
5491
4063
1076
2343
605
609
2371
6612
5552
1426
6150
1853
6024
2316
3480
2253
3483
2135
4104
2145
5426
4123
1010
3531
1820
3680
6830
574
254
4128
2107
3525
5371
2106
6060
5364
5486
207
6053
3943
3689
6052
942
4234
48
1349
5642
2485
80
1892
5217
6204
170
210
5104
3323
5927
4328
5087
7647
1858
7577
2536
3310
166
7579
6811
7018
5917
2553
1891
4409
7657
4313
5982
3973
5568
6597
4256
6591
7639
7363
6976
1314
4300
3287
3353
4307
27
4308
3556
7348
634
6246
1331
1483
509
4576
3805
908
3624
3584
241
4080
3557
4079
6454
4592
3551
3552
3665
1177
6873
6778
7042
4532
6463
813
963
157
4215
6502
6503
3706
6817
6575
6805
3693
1099
1101
3318
1135
827
3917
4454
3215
226
4441
3913
3335
3155
3413
3420
220
3534
221
3527
1063
797
6474
3877
805
4157
3234
3452
3773
3450
4175
302
809
3434
152
1157
3761
6492
1074
1173
4217
5868
5218
5630
2554
5033
5621
2543
5996
1497
6230
5085
1320
2510
2500
2496
5577
5072
674
1855
5975
7611
4954
5720
349
486
7301
490
1838
5678
7598
6257
1840
7309
2560
1380
1928
1937
1942
7552
6083
5227
2187
2198
394
1404
5382
2233
610
1359
2239
5342
7415
602
5298
5212
2643
2149
1428
5139
5161
6030
629
6033
7360
7533
540
6174
2042
1433
2451
2114
624
5450
2147
4921
6124
1620
4822
2952
335
4773
5787
1568
2790
4808
1608
1609
4692
461
5918
2946
760
1245
6354
5827
707
4748
5826
441
2867
2862
2833
5819
2935
2768
1250
5846
1815
4897
7266
5947
2692
1580
2991
2698
1274
5756
4854
4850
1268
7195
452
1701
5768
1258
2965
4671
2960
7446
3793
382
3880
4088
7522
978
4102
5839
7466
5882
1597
3820
6761
5436
7439
6080
3451
2296
485
6884
1873
1871
5990
1869
5924
7586
5983
3652
3922
5760
1002
6725
1733
3678
3953
1773
428
5602
1683
6861
5595
3546
1952
1612
4055
4050
1559
5554
5555
1971
7
1639
5583
5810
242
31
5589
4022
5592
1916
3653
1192
2557
4486
7280
2623
2613
2601
4453
6258
2567
6249
5002
3282
1315
832
3439
4423
5050
3301
5053
660
3304
3307
4376
650
4493
5109
3161
6323
777
4667
7121
6411
2948
323
6451
4591
3074
2909
4759
4565
1231
741
3108
1242
6477
1246
3122
719
2749
718
3147
4857
2509
109
361
1090
6143
67
7362
2450
2405
4244
4278
5282
2455
3364
4243
2396
2384
2482
4312
6195
5126
6198
2427
2433
1330
4319
7000
3342
625
6958
7207
2818
3395
1615
3528
2389
211
2947
6954
1073
2328
3819
7692
2286
1067
3062
1205
189
1392
7163
1569
1394
2245
7183
986
992
7252
7085
7523
7035
6985
7357
7354
1114
2573
6991
6994
3596
3308
2538
3322
3574
7319
2787
3218
7364
1695
6962
3009
1083
2738
1346
2580
15
1761
7614
7276
6828
3379
2604
155
2310
4639
4676
5600
5207
922
5198
6171
5607
4020
5128
6208
503
6220
425
5078
493
5065
5054
5729
941
4450
6519
4461
6260
4963
6162
4962
6007
4339
561
5425
575
5397
4196
6099
4200
6043
5333
5516
901
6113
6601
5529
6032
5537
6138
5556
530
5278
5260
4324
4331
6563
433
5960
4598
4776
3907
6466
3916
6459
3866
6457
6434
5816
5784
6382
5779
5852
5780
6355
4682
6283
346
5814
5777
4658
6291
744
3886
4711
6293
5809
3883
172
1182
4271
3368
69
7203
6137
3359
6961
1227
1422
6403
3427
2202
126
2213
6391
2929
7411
885
4222
6607
2365
588
2291
4764
4240
3377
7191
331
4498
1098
7038
7040
3447
2685
2669
5029
7048
7049
4999
4996
4990
7304
688
1310
3168
6504
4496
5075
2686
7092
716
279
736
4515
1176
5203
2781
5164
7355
2827
6550
6540
3827
7342
7025
2502
3099
7238
5096
5144
3448
2277
2111
489
3986
1824
1027
7587
239
5612
1814
5997
1889
6879
4060
4062
6658
5573
6652
1886
21
7627
6708
7697
6773
5866
1574
5833
5897
1628
966
990
5800
6808
3721
3935
3683
5931
1738
5942
7556
4135
22
6906
2096
3522
4142
2014
2089
3488
5483
5469
4525
5914
6722
3920
3926
7081
3733
2654
3143
7093
5771
2710
709
2047
6831
4514
5013
3666
5734
5740
2035
4989
1703
3414
3171
6270
553
5930
4959
6324
3955
6280
6621
1790
223
7132
4762
2137
1216
6779
6751
3814
7169
5858
4709
1437
2959
4672
1588
5889
6789
969
6807
5798
6339
6804
2772
1652
6346
3069
7112
3066
436
787
1249
5812
6440
5793
2031
2756
3216
1078
635
3298
6864
1094
4394
4294
1051
3352
1879
841
6642
1345
4039
293
7574
3330
6876
1911
4345
2276
415
3550
5578
1927
7530
5150
4287
4259
937
1508
5060
381
1462
582
3995
4438
1318
2252
3613
1117
1953
1354
6858
6893
6533
7405
7554
455
2800
756
2385
2134
332
5811
2822
1480
7186
1602
604
6121
2941
2142
2295
5431
2346
6076
2300
4678
4831
2788
513
5407
648
5402
1715
2605
701
5757
4975
6226
5507
1771
6068
5498
2533
5634
2656
6294
6086
5208
4826
6114
2438
4874
4879
2016
633
1335
423
4890
2076
2481
6302
542
6125
3830
4391
7002
3791
6625
6932
6689
6543
3778
3354
3952
4619
3371
158
1149
6586
4269
4572
6493
4237
4229
4225
3717
6971
3924
945
7098
1043
3681
143
149
4567
6491
6813
831
4037
3265
4443
3851
7145
3320
4360
3642
193
3319
6431
3994
6425
6894
3515
3869
7136
7023
3453
5620
4924
2307
6189
4546
3133
1538
3570
4907
2463
6534
808
366
5190
5168
5122
3947
106
2542
1018
5051
3659
426
5950
5226
3188
3647
4304
5276
4437
496
5629
1767
3367
4015
1739
7372
4964
1831
1344
3951
3591
6281
7412
4291
479
4554
7254
4179
212
3756
213
3436
2146
3033
3029
51
745
6072
4124
5454
748
7134
4634
897
4136
1469
536
4660
3838
1058
7476
5513
3806
4156
7550
7510
7503
6376
3815
6090
184
6443
3541
5367
2210
6619
5331
2723
893
3100
6739
5792
6327
3425
1654
7433
247
4585
6880
1686
7606
5380
5470
7154
3473
4384
5553
3477
1475
3312
6631
1381
877
1967
1456
1347
2426
5455
526
2193
3438
7485
6984
1364
5320
1374
4318
615
2228
5242
3442
5663
380
5995
6945
2208
7599
2211
1490
4351
2391
3384
1109
1981
3200
6370
3024
6358
1768
6711
4974
7122
4798
3160
4952
4609
1732
4524
4813
7082
7230
1009
7661
3912
6471
1539
6314
3093
2712
4852
7242
306
6735
460
6378
737
85
5835
2513
5119
3983
4442
3226
4739
4445
238
6410
6214
1995
6433
4679
1110
948
1410
3817
392
7537
7149
2769
6671
6405
7161
418
7463
4663
3412
2754
1075
3511
5456
7113
6020
7680
5447
6071
3460
443
3023
1949
6933
2471
3037
121
4174
3467
4111
1066
1932
333
2041
5838
7468
2939
3406
839
3946
5095
350
5727
84
1862
2362
5761
7596
5238
7377
1302
5179
617
5169
176
5255
5123
4411
587
2334
1081
3402
3564
2521
2870
5901
5644
895
2118
680
5544
4643
5026
5885
4731
1499
759
5195
4126
4155
4703
3530
1460
5176
834
5158
1213
7589
6333
4046
4995
5938
4521
5296
5306
4816
1379
1045
1668
7457
6315
5603
3921
5329
2260
4838
2675
815
6348
2182
3902
117
2618
825
4988
3426
6084
3183
818
1313
3781
7540
480
204
494
4013
36
972
4009
1596
3547
1797
6729
7575
3794
6901
6092
4618
3082
6239
4834
4843
7249
4855
1371
5234
4210
6118
4487
6128
7271
4316
4941
7071
3213
2184
2186
6091
1196
4356
2997
2998
2940
4713
3481
2524
622
1127
3018
6628
4628
6365
849
735
2176
1309
202
3526
828
4489
5080
4862
2642
1583
4646
4750
6381
7189
6746
5749
2813
5954
6313
3119
7649
2682
705
2759
365
1795
1830
1974
1973
5525
1057
6061
4093
6014
56
5388
2224
6875
4048
5194
7410
2406
2986
500
1852
7467
7032
6969
2820
7494
5765
2844
5461
3585
4760
5512
6039
5857
1582
5127
7387
259
3011
4166
4435
6775
6993
6480
7058
1730
7420
2591
3669
4537
7039
1690
6367
2077
567
2775
770
3236
6093
6570
1181
4534
252
6486
498
70
4418
6760
6787
6233
6748
924
7103
2796
2423
4362
6724
2215
1592
3390
5817
7431
5781
5284
3634
4983
4201
2422
3942
3966
3139
551
5770
5899
5285
3165
